
1.142800E-02	6.79569E01	4.36191E00 
1.198500E-02	6.68240E01	2.53651E00 
1.254300E-02	7.14600E01	4.55187E00 
1.310000E-02	7.11723E01	1.99723E00 
1.365800E-02	6.76461E01	1.84699E00 
1.421500E-02	6.78194E01	1.73227E00 
1.477200E-02	6.75156E01	1.59031E00 
1.533000E-02	6.65388E01	1.38705E00 
1.588700E-02	6.76891E01	1.31547E00 
1.644500E-02	6.80251E01	1.28674E00 
1.700200E-02	6.43247E01	1.28132E00 
1.756000E-02	6.50318E01	1.23464E00 
1.811700E-02	6.60943E01	1.15282E00 
1.867500E-02	6.76055E01	1.08443E00 
1.923200E-02	6.38338E01	1.09233E00 
1.978900E-02	6.62936E01	1.04295E00 
2.034700E-02	6.40102E01	1.03439E00 
2.090400E-02	6.37829E01	9.59040E-01 
2.146200E-02	6.32580E01	9.50183E-01 
2.201900E-02	6.34922E01	9.52553E-01 
2.257700E-02	6.10685E01	9.37531E-01 
2.313400E-02	6.40346E01	9.34414E-01 
2.369200E-02	6.17710E01	9.09061E-01 
2.424900E-02	6.08056E01	8.78802E-01 
2.480700E-02	6.13580E01	9.03092E-01 
2.536400E-02	5.91257E01	8.51717E-01 
2.592100E-02	5.87046E01	8.43481E-01 
2.647900E-02	6.11873E01	8.49700E-01 
2.703600E-02	5.80706E01	8.01463E-01 
2.759400E-02	5.91643E01	8.08224E-01 
2.815100E-02	5.69063E01	7.96739E-01 
2.870900E-02	5.75826E01	7.77265E-01 
2.926600E-02	5.80163E01	7.91043E-01 
2.982400E-02	5.69867E01	7.69655E-01 
3.038100E-02	5.56647E01	7.37887E-01 
3.093800E-02	5.56390E01	7.32034E-01 
3.149600E-02	5.56120E01	7.83986E-01 
3.205300E-02	5.48713E01	7.04417E-01 
3.261100E-02	5.53500E01	7.02322E-01 
3.316800E-02	5.34841E01	6.91883E-01 
3.372600E-02	5.31957E01	6.82231E-01 
3.428300E-02	5.29762E01	6.83060E-01 
3.484100E-02	5.40575E01	6.83321E-01 
3.539800E-02	5.14852E01	6.64068E-01 
3.595500E-02	5.07524E01	6.73860E-01 
3.651300E-02	5.00873E01	6.49740E-01 
3.707000E-02	4.99872E01	6.44439E-01 
3.762800E-02	4.90395E01	6.35023E-01 
3.818500E-02	4.92108E01	6.32274E-01 
3.874300E-02	4.92676E01	6.29431E-01 
3.930000E-02	4.90055E01	6.15428E-01 
3.985800E-02	4.62997E01	6.12683E-01 
4.041500E-02	4.60751E01	6.03381E-01 
4.097300E-02	4.76915E01	6.08727E-01 
4.153000E-02	4.62732E01	5.93188E-01 
4.208700E-02	4.66398E01	5.80438E-01 
4.264500E-02	4.53767E01	5.76010E-01 
4.320200E-02	4.45251E01	5.64646E-01 
4.376000E-02	4.44398E01	5.71051E-01 
4.431700E-02	4.38681E01	5.69351E-01 
4.487500E-02	4.36623E01	5.48736E-01 
4.543200E-02	4.33071E01	5.49700E-01 
4.599000E-02	4.22658E01	5.49295E-01 
4.654700E-02	4.18000E01	5.44208E-01 
4.710400E-02	4.12540E01	5.38856E-01 
4.766200E-02	3.95293E01	5.26548E-01 
4.821900E-02	4.00328E01	5.20356E-01 
4.877700E-02	4.06465E01	5.24523E-01 
4.933400E-02	3.98243E01	5.15856E-01 
4.989200E-02	3.84310E01	5.08464E-01 
5.044900E-02	3.87870E01	5.06879E-01 
5.100700E-02	3.71037E01	4.89483E-01 
5.156400E-02	3.83535E01	5.01834E-01 
5.212100E-02	3.60054E01	4.96787E-01 
5.267900E-02	3.59133E01	4.89304E-01 
5.323600E-02	3.57725E01	4.92209E-01 
5.379400E-02	3.56401E01	4.89517E-01 
5.435100E-02	3.55846E01	4.78570E-01 
5.490900E-02	3.49052E01	4.83260E-01 
5.546600E-02	3.40930E01	4.76645E-01 
5.602400E-02	3.37708E01	4.83289E-01 
5.658100E-02	3.29778E01	4.70389E-01 
5.713800E-02	3.36495E01	4.61020E-01 
5.769600E-02	3.23834E01	4.64180E-01 
5.825300E-02	3.24693E01	4.67763E-01 
5.881100E-02	3.11586E01	4.51285E-01 
5.936800E-02	3.09353E01	4.51151E-01 
5.992600E-02	3.05355E01	4.55834E-01 
6.048300E-02	3.03267E01	4.48867E-01 
6.104100E-02	3.01891E01	4.44920E-01 
6.159800E-02	2.97688E01	4.45850E-01 
6.215500E-02	2.84450E01	4.37313E-01 
6.271300E-02	2.75458E01	4.38351E-01 
6.327000E-02	2.85105E01	4.38449E-01 
6.382800E-02	2.72988E01	4.28355E-01 
6.438500E-02	2.73809E01	4.36729E-01 
6.494300E-02	2.69902E01	4.27655E-01 
6.550000E-02	2.64717E01	4.23072E-01 
6.605700E-02	2.67276E01	4.16708E-01 
6.661500E-02	2.52483E01	4.24508E-01 
6.717200E-02	2.48858E01	4.16019E-01 
6.773000E-02	2.48126E01	4.17508E-01 
6.828700E-02	2.46929E01	4.13931E-01 
6.884500E-02	2.39725E01	4.01744E-01 
6.940200E-02	2.38215E01	4.05828E-01 
6.996000E-02	2.40569E01	3.99810E-01 
7.051700E-02	2.26947E01	3.95400E-01 
7.107400E-02	2.31114E01	4.00728E-01 
7.163200E-02	2.21339E01	3.93497E-01 
7.218900E-02	2.29247E01	3.87972E-01 
7.274700E-02	2.16710E01	3.93086E-01 
7.330400E-02	2.15590E01	3.90600E-01 
7.386200E-02	2.13413E01	3.97428E-01 
7.441900E-02	2.11893E01	4.00294E-01 
7.497700E-02	2.03837E01	3.88137E-01 
7.553400E-02	2.05045E01	3.92606E-01 
7.609100E-02	2.00579E01	3.95123E-01 
7.664900E-02	1.95691E01	3.85258E-01 
7.720600E-02	1.90847E01	3.81319E-01 
7.776400E-02	1.94116E01	3.81114E-01 
7.832100E-02	1.93383E01	3.97924E-01 
7.887900E-02	1.80693E01	3.76190E-01 
7.943600E-02	1.81017E01	3.73515E-01 
7.999300E-02	1.72691E01	4.02063E-01 
8.055100E-02	1.86980E01	3.78004E-01 
8.110800E-02	1.77736E01	3.63879E-01 
8.166600E-02	1.73783E01	3.63383E-01 
8.222300E-02	1.69930E01	3.58912E-01 
8.278100E-02	1.68513E01	3.57700E-01 
8.333800E-02	1.62944E01	3.60359E-01 
8.389500E-02	1.58434E01	3.54703E-01 
8.445300E-02	1.59094E01	3.56471E-01 
8.501000E-02	1.58355E01	3.77678E-01 
8.556800E-02	1.55180E01	3.52164E-01 
8.612500E-02	1.53971E01	3.50736E-01 
8.668300E-02	1.51567E01	3.52876E-01 
8.724000E-02	1.41206E01	3.43794E-01 
8.779800E-02	1.43568E01	3.44163E-01 
8.835500E-02	1.50502E01	3.47779E-01 
8.891200E-02	1.49720E01	3.43991E-01 
8.947000E-02	1.45389E01	3.37788E-01 
9.002700E-02	1.37031E01	3.37533E-01 
9.058500E-02	1.35111E01	3.38037E-01 
9.114200E-02	1.35741E01	3.33400E-01 
9.170000E-02	1.33748E01	3.34160E-01 
9.225700E-02	1.29140E01	3.34218E-01 
9.281400E-02	1.22378E01	3.30371E-01 
9.337200E-02	1.26075E01	3.30956E-01 
9.392900E-02	1.32138E01	3.28287E-01 
9.448700E-02	1.23110E01	3.31781E-01 
9.504400E-02	1.21237E01	3.20368E-01 
9.560200E-02	1.25797E01	3.27116E-01 
9.615900E-02	1.19206E01	3.33902E-01 
9.671600E-02	1.17235E01	3.39937E-01 
9.727400E-02	1.19018E01	3.44626E-01 
9.783100E-02	1.17267E01	3.47378E-01 
9.838900E-02	1.16863E01	3.43889E-01 
9.894600E-02	1.09248E01	3.45443E-01 
9.950400E-02	1.05577E01	3.46737E-01 
1.000610E-01	1.13563E01	3.47208E-01 
1.006180E-01	1.06732E01	3.54430E-01 
1.011760E-01	9.78885E00	3.54048E-01 
1.017330E-01	1.03752E01	3.55314E-01 
1.022910E-01	1.02134E01	3.98743E-01 
1.028480E-01	1.03894E01	3.78927E-01 
1.034060E-01	1.01390E01	3.48294E-01 
1.039630E-01	9.31715E00	3.44558E-01 
1.045200E-01	9.62636E00	3.34874E-01 
1.050780E-01	9.39190E00	3.26643E-01 
1.056350E-01	9.27033E00	3.22940E-01 
1.061930E-01	9.50394E00	3.25347E-01 
1.067500E-01	8.40633E00	3.41212E-01 
1.073080E-01	9.06681E00	3.22651E-01 
1.078650E-01	8.45312E00	3.15295E-01 
1.084220E-01	7.76393E00	3.14162E-01 
1.089800E-01	8.44108E00	3.15448E-01 
1.095370E-01	8.50923E00	3.11122E-01 
1.100950E-01	8.51528E00	3.14184E-01 
1.106520E-01	8.86843E00	3.09822E-01 
1.112100E-01	7.76488E00	3.10771E-01 
1.117670E-01	7.99682E00	3.07058E-01 
1.123240E-01	7.96025E00	3.05549E-01 
1.128820E-01	7.93485E00	3.04502E-01 
1.134390E-01	7.38248E00	3.02616E-01 
1.139970E-01	7.16496E00	2.98401E-01 
1.145540E-01	7.85547E00	3.02596E-01 
1.151110E-01	7.24420E00	2.99167E-01 
1.156690E-01	7.20006E00	2.98182E-01 
1.162260E-01	7.52880E00	3.00934E-01 
1.167840E-01	7.30132E00	2.88357E-01 
1.173410E-01	7.18471E00	2.94132E-01 
1.178990E-01	6.98826E00	2.94288E-01 
1.184560E-01	6.50174E00	3.10855E-01 
1.190130E-01	6.42295E00	2.92222E-01 
1.195710E-01	6.71018E00	2.92119E-01 
1.201280E-01	6.43298E00	2.86211E-01 
1.206860E-01	6.58295E00	2.92917E-01 
1.212430E-01	6.47787E00	2.85550E-01 
1.218000E-01	6.48578E00	2.85305E-01 
1.223580E-01	5.88740E00	3.00498E-01 
1.229150E-01	6.32070E00	2.80483E-01 
1.234730E-01	6.32750E00	2.84463E-01 
1.240300E-01	5.67277E00	3.02364E-01 
1.245880E-01	5.41045E00	2.80122E-01 
1.251450E-01	5.58468E00	2.81497E-01 
1.257020E-01	5.20603E00	2.76730E-01 
1.262600E-01	5.76347E00	2.76480E-01 
1.268170E-01	6.13516E00	2.79814E-01 
1.273750E-01	5.38104E00	2.80075E-01 
1.279320E-01	5.49068E00	2.73348E-01 
1.284890E-01	5.30608E00	2.75513E-01 
1.290470E-01	5.09342E00	2.72244E-01 
1.296040E-01	4.81429E00	2.69199E-01 
1.301620E-01	5.02192E00	2.89291E-01 
1.307190E-01	5.18337E00	2.72901E-01 
1.312770E-01	4.70464E00	2.70125E-01 
1.318340E-01	4.55125E00	2.70548E-01 
1.323910E-01	4.46063E00	2.69114E-01 
1.329490E-01	4.96455E00	2.67969E-01 
1.335060E-01	4.62628E00	2.65777E-01 
1.340640E-01	4.30789E00	2.66221E-01 
1.346210E-01	5.25970E00	2.63322E-01 
1.351780E-01	4.85451E00	2.66180E-01 
1.357360E-01	4.50360E00	2.62443E-01 
1.362930E-01	4.38806E00	2.62389E-01 
1.368510E-01	4.11821E00	2.63824E-01 
1.374080E-01	4.82670E00	2.63594E-01 
1.379650E-01	4.48935E00	2.61582E-01 
1.385230E-01	3.83042E00	2.59440E-01 
1.390800E-01	4.02506E00	2.58704E-01 
1.396380E-01	4.38255E00	2.60413E-01 
1.401950E-01	4.11797E00	2.58705E-01 
1.407520E-01	4.32442E00	2.58870E-01 
1.413100E-01	3.89855E00	2.56097E-01 
1.418670E-01	3.78249E00	2.57277E-01 
1.424250E-01	3.58012E00	2.56893E-01 
1.429820E-01	3.49368E00	2.56222E-01 
1.435400E-01	3.71890E00	2.56952E-01 
1.440970E-01	3.73285E00	2.53338E-01 
1.446540E-01	3.48136E00	2.69517E-01 
1.452120E-01	3.47400E00	2.56070E-01 
1.457690E-01	3.74379E00	2.54247E-01 
1.463270E-01	3.97554E00	2.51915E-01 
1.468840E-01	2.89365E00	2.50695E-01 
1.474410E-01	3.06552E00	2.49990E-01 
1.479990E-01	3.17606E00	2.50313E-01 
1.485560E-01	3.51007E00	2.48808E-01 
1.491140E-01	3.59095E00	2.46577E-01 
1.496710E-01	3.10731E00	2.43485E-01 
1.502280E-01	3.29440E00	2.46065E-01 
1.507860E-01	3.29523E00	2.43855E-01 
1.513430E-01	3.12072E00	2.44662E-01 
1.519010E-01	2.60992E00	2.44468E-01 
1.524580E-01	3.32256E00	2.42729E-01 
1.530150E-01	2.83445E00	2.41699E-01 
1.535730E-01	3.06095E00	2.40903E-01 
1.541300E-01	2.61764E00	2.42335E-01 
1.546880E-01	2.16833E00	2.42435E-01 
1.552450E-01	3.04277E00	2.37884E-01 
1.558020E-01	2.99328E00	2.40848E-01 
1.563600E-01	2.70846E00	2.42345E-01 
1.569170E-01	2.75356E00	2.42354E-01 
1.574750E-01	2.95720E00	2.41094E-01 
1.580320E-01	2.81296E00	2.42724E-01 
1.585890E-01	2.69443E00	2.40360E-01 
1.591470E-01	2.46803E00	2.39379E-01 
1.597040E-01	3.07408E00	2.43763E-01 
1.602610E-01	2.64198E00	2.41978E-01 
1.608190E-01	2.40572E00	2.38632E-01 
1.613760E-01	2.34484E00	2.38389E-01 
1.619340E-01	2.77089E00	2.34476E-01 
1.624910E-01	2.31372E00	2.38380E-01 
1.630480E-01	2.16592E00	2.51362E-01 
1.636060E-01	2.21458E00	2.34470E-01 
1.641630E-01	2.43540E00	2.35459E-01 
1.647210E-01	2.63473E00	2.35468E-01 
1.652780E-01	2.38469E00	2.35044E-01 
1.658350E-01	2.18161E00	2.33378E-01 
1.663930E-01	2.19593E00	2.34243E-01 
1.669500E-01	1.88168E00	2.34523E-01 
1.675080E-01	2.08289E00	2.31921E-01 
1.680650E-01	2.19473E00	2.31528E-01 
1.686220E-01	1.96594E00	2.28610E-01 
1.691800E-01	2.26313E00	2.30294E-01 
1.697370E-01	2.24879E00	2.31824E-01 
1.702940E-01	2.31057E00	2.28375E-01 
1.708520E-01	1.94230E00	2.28700E-01 
1.714090E-01	1.98324E00	2.26902E-01 
1.719670E-01	1.35158E00	2.27344E-01 
1.725240E-01	1.76809E00	2.27811E-01 
1.730810E-01	1.51227E00	2.25362E-01 
1.736390E-01	1.82443E00	2.24216E-01 
1.741960E-01	1.74275E00	2.27694E-01 
1.747540E-01	1.99624E00	2.40567E-01 
1.753110E-01	1.88776E00	2.54313E-01 
1.758680E-01	1.44699E00	2.24168E-01 
1.764260E-01	1.60802E00	2.24768E-01 
1.769830E-01	1.48574E00	2.22620E-01 
1.775400E-01	1.62326E00	2.22927E-01 
1.780980E-01	2.05393E00	2.24585E-01 
1.786550E-01	1.45844E00	2.24589E-01 
1.792130E-01	1.59145E00	2.20532E-01 
1.797700E-01	1.87513E00	2.20656E-01 
1.803270E-01	1.60475E00	2.21859E-01 
1.808850E-01	1.78583E00	2.20345E-01 
1.814420E-01	1.41167E00	2.20445E-01 
1.819990E-01	2.30959E00	2.21338E-01 
1.825570E-01	1.73554E00	2.18334E-01 
1.831140E-01	1.31435E00	2.16147E-01 
1.836720E-01	1.60775E00	2.20165E-01 
1.842290E-01	1.41158E00	2.18338E-01 
1.847860E-01	1.23123E00	2.16807E-01 
1.853440E-01	1.48695E00	2.16989E-01 
1.859010E-01	1.33713E00	2.13792E-01 
1.864580E-01	1.10816E00	2.15978E-01 
1.870160E-01	1.27020E00	2.16448E-01 
1.875730E-01	1.40157E00	2.15157E-01 
1.881310E-01	1.22796E00	2.13736E-01 
1.886880E-01	1.29812E00	2.13921E-01 
1.892450E-01	2.01112E00	2.11987E-01 
1.898030E-01	9.45192E-01	2.14687E-01 
1.903600E-01	8.95461E-01	2.13003E-01 
1.909170E-01	1.50745E00	2.10821E-01 
1.914750E-01	1.19367E00	2.10906E-01 
1.920320E-01	1.70815E00	2.09327E-01 
1.925900E-01	1.36568E00	2.12513E-01 
1.931470E-01	9.52083E-01	2.11685E-01 
1.937040E-01	1.30242E00	2.11070E-01 
1.942620E-01	1.00712E00	2.08527E-01 
1.948190E-01	9.50664E-01	2.10380E-01 
1.953760E-01	1.17366E00	2.11785E-01 
1.959340E-01	9.00857E-01	2.27698E-01 
1.964910E-01	1.22307E00	2.16243E-01 
1.970480E-01	1.33056E00	2.18861E-01 
1.976060E-01	1.23856E00	2.21643E-01 
1.981630E-01	5.29493E-01	2.21392E-01 
1.987210E-01	1.37223E00	2.22954E-01 
1.992780E-01	1.01348E00	2.37842E-01 
1.998350E-01	8.29097E-01	2.24230E-01 
2.003930E-01	6.20802E-01	2.35398E-01 
2.009500E-01	9.08464E-01	2.25484E-01 
2.015070E-01	9.02651E-01	2.26638E-01 
2.020650E-01	9.72727E-01	2.28591E-01 
2.026220E-01	9.32061E-01	2.29040E-01 
2.031790E-01	1.22865E00	2.24298E-01 
2.037370E-01	1.08066E00	2.23992E-01 
2.042940E-01	8.88761E-01	2.17370E-01 
2.048510E-01	1.01811E00	2.18328E-01 
2.054090E-01	5.92589E-01	2.17107E-01 
2.059660E-01	1.41267E00	2.16352E-01 
2.065240E-01	9.78291E-01	2.15011E-01 
2.070810E-01	8.81195E-01	2.13043E-01 
2.076380E-01	7.06912E-01	2.13287E-01 
2.081960E-01	7.02369E-01	2.19279E-01 
2.087530E-01	1.07000E00	2.11390E-01 
2.093100E-01	7.12704E-01	2.08303E-01 
2.098680E-01	9.48006E-01	2.08731E-01 
2.104250E-01	6.40824E-01	2.09437E-01 
2.109820E-01	8.53372E-01	2.09704E-01 
2.115400E-01	1.04093E00	2.07936E-01 
2.120970E-01	8.68477E-01	2.69338E-01 
2.126540E-01	8.06561E-01	2.32385E-01 
2.132120E-01	5.29854E-01	2.05595E-01 
2.137690E-01	6.44897E-01	2.06656E-01 
2.143260E-01	3.26400E-01	2.03950E-01 
2.148840E-01	8.48141E-01	2.03090E-01 
2.154410E-01	1.13653E00	2.05679E-01 
2.159990E-01	6.41814E-01	2.04216E-01 
2.165560E-01	8.06313E-01	2.03049E-01 
2.171130E-01	4.39203E-01	2.05899E-01 
2.176710E-01	7.29361E-01	2.03273E-01 
2.182280E-01	8.41324E-01	2.02513E-01 
2.187850E-01	5.21897E-01	2.00293E-01 
2.193430E-01	1.00575E00	2.00414E-01 
2.199000E-01	4.60810E-01	2.12988E-01 
2.204570E-01	2.25766E-01	1.98232E-01 
2.210150E-01	7.41322E-01	1.98520E-01 
2.215720E-01	4.29263E-01	1.98546E-01 
2.221290E-01	1.10281E00	2.12684E-01 
2.226870E-01	9.52973E-01	2.00649E-01 
2.232440E-01	5.37157E-01	1.98655E-01 
2.238010E-01	8.15626E-01	1.98634E-01 
2.243590E-01	7.71621E-01	1.97088E-01 
2.249160E-01	8.79426E-01	1.97744E-01 
2.254730E-01	5.81978E-01	1.98036E-01 
2.260310E-01	8.54585E-01	1.98309E-01 
2.265880E-01	8.77817E-01	1.97663E-01 
2.271450E-01	4.68557E-01	1.96689E-01 
2.277030E-01	8.12237E-01	1.96188E-01 
2.282600E-01	4.63185E-01	1.95588E-01 
2.288170E-01	3.94727E-01	1.97005E-01 
2.293750E-01	2.71150E-01	1.95689E-01 
2.299320E-01	6.15220E-01	1.93395E-01 
2.304890E-01	7.09036E-01	1.93886E-01 
2.310470E-01	2.84885E-01	2.05710E-01 
2.316040E-01	6.34930E-01	1.94153E-01 
2.321610E-01	2.73223E-01	2.05967E-01 
2.327190E-01	6.55740E-01	1.93687E-01 
2.332760E-01	1.52613E-01	3.10962E-01 
2.338330E-01	5.29311E-01	1.93011E-01 
2.343910E-01	8.74801E-01	1.93959E-01 
2.349480E-01	5.14022E-01	1.93694E-01 
2.355050E-01	1.93838E-01	1.90648E-01 
2.360630E-01	2.74429E-01	1.90368E-01 
2.366200E-01	5.34943E-01	1.91587E-01 
2.371770E-01	3.48130E-01	1.91926E-01 
2.377350E-01	5.84111E-01	2.02334E-01 
2.382920E-01	6.13833E-01	1.90259E-01 
2.388490E-01	6.18199E-01	1.93145E-01 
2.394070E-01	1.74823E-01	1.90268E-01 
2.399640E-01	6.20134E-01	2.00647E-01 
2.405210E-01	3.59212E-01	1.91946E-01 
2.410790E-01	3.89900E-01	1.89234E-01 
2.416360E-01	4.41002E-01	2.00034E-01 
2.421930E-01	1.55351E-01	1.88953E-01 
2.427500E-01	5.72663E-01	1.86680E-01 
2.433080E-01	5.73865E-01	1.88883E-01 
2.438650E-01	2.01680E-01	1.87617E-01 
2.444220E-01	5.28426E-01	1.86026E-01 
2.449800E-01	7.69427E-01	1.86808E-01 
2.455370E-01	5.21678E-01	1.86657E-01 
2.460940E-01	3.64188E-01	1.84388E-01 
2.466520E-01	2.60510E-01	1.85158E-01 
2.472090E-01	2.48457E-01	1.85065E-01 
2.477660E-01	4.62948E-01	1.83206E-01 
2.483240E-01	1.17723E-01	1.80955E-01 
2.488810E-01	3.91401E-01	1.83014E-01 
2.494380E-01	6.30300E-01	1.82618E-01 
2.499960E-01	4.55381E-01	1.83586E-01 
2.505530E-01	7.94251E-01	1.83160E-01 
2.511100E-01	3.19828E-01	1.83973E-01 
2.516670E-01	6.02898E-01	1.81582E-01 
2.522250E-01	5.73353E-01	1.82284E-01 
2.527820E-01	4.62617E-01	1.81492E-01 
2.533390E-01	7.93850E-01	1.80613E-01 
2.538970E-01	9.14755E-02	1.79710E-01 
2.544540E-01	3.36608E-01	1.80247E-01 
2.550110E-01	3.15840E-01	1.80756E-01 
2.555690E-01	1.71808E-01	1.80761E-01 
2.561260E-01	4.72380E-01	1.79960E-01 
2.566830E-01	3.15499E-01	1.80841E-01 
2.572410E-01	1.69147E-01	1.79148E-01 
2.577980E-01	5.57261E-01	1.81078E-01 
2.583550E-01	5.24843E-01	1.81216E-01 
2.589120E-01	5.21087E-01	1.80607E-01 
2.594700E-01	4.93778E-01	1.79318E-01 
2.600270E-01	2.03795E-01	1.78906E-01 
2.605840E-01	6.32211E-01	1.89499E-01 
2.611420E-01	4.63081E-01	1.78803E-01 
2.616990E-01	5.21173E-01	1.80315E-01 
2.622560E-01	3.73235E-01	1.77419E-01 
2.628140E-01	2.87501E-01	1.77702E-01 
2.633710E-01	5.16670E-01	1.87630E-01 
2.639280E-01	6.25460E-01	1.77581E-01 
2.644850E-01	5.17652E-01	1.77527E-01 
2.650430E-01	6.44337E-01	1.77996E-01 
2.656000E-01	5.63883E-01	1.75727E-01 
2.661570E-01	5.02302E-01	1.78230E-01 
2.667150E-01	3.20257E-01	1.77721E-01 
2.672720E-01	4.75912E-01	1.76798E-01 
2.678290E-01	5.22148E-01	1.77603E-01 
2.683860E-01	4.37373E-01	1.76606E-01 
2.689440E-01	5.22741E-01	1.74278E-01 
2.695010E-01	4.56178E-01	1.76307E-01 
2.700580E-01	4.89967E-01	1.76020E-01 
2.706160E-01	3.73247E-01	1.75248E-01 
2.711730E-01	2.09992E-01	1.73433E-01 
2.717300E-01	2.27812E-01	1.85350E-01 
2.722870E-01	1.14456E-01	1.74551E-01 
2.728450E-01	3.43894E-01	1.74751E-01 
2.734020E-01	1.00997E-01	1.74159E-01 
2.739590E-01	6.37746E-01	1.74409E-01 
2.745170E-01	2.76339E-02	1.72788E-01 
2.750740E-01	3.63104E-02	1.72954E-01 
2.756310E-01	2.04692E-01	1.73484E-01 
2.761880E-01	5.86459E-01	1.74005E-01 
2.767460E-01	6.35678E-01	1.71707E-01 
2.773030E-01	4.12034E-01	1.72705E-01 
2.778600E-01	1.64787E-01	1.76287E-01 
2.784180E-01	3.64372E-01	1.76880E-01 
2.789750E-01	2.68403E-01	1.77168E-01 
2.795320E-01	5.70546E-01	1.81126E-01 
2.800890E-01	2.59970E-01	1.79959E-01 
2.806470E-01	2.67592E-02	1.81786E-01 
2.812040E-01	7.80782E-02	1.83421E-01 
2.817610E-01	2.67271E-01	1.83770E-01 
2.823180E-01	4.80586E-01	1.97062E-01 
2.828760E-01	5.08268E-01	1.83390E-01 
2.834330E-01	2.59046E-01	1.85578E-01 
2.839900E-01	1.43074E-02	1.83497E-01 
2.845480E-01	2.55731E-01	1.97530E-01 
2.851050E-01	2.70492E-01	1.86296E-01 
2.856620E-01	1.86214E-01	1.86688E-01 
2.862190E-01	2.47256E-02	1.87631E-01 
2.867770E-01	1.12707E-01	1.87079E-01 
2.873340E-01	2.69166E-01	1.88983E-01 
2.878910E-01	2.66950E-01	2.01294E-01 
2.884480E-01	2.78264E-01	1.98432E-01 
2.890060E-01	1.54041E-01	1.89297E-01 
2.895630E-01	2.91559E-01	1.90616E-01 
2.901200E-01	4.37099E-01	1.91002E-01 
2.906770E-01	1.04804E-01	1.91749E-01 
2.912350E-01	4.93391E-01	1.92062E-01 
2.917920E-01	1.80603E-01	1.91110E-01 
2.923490E-01	1.48669E-01	1.93721E-01 
2.929060E-01	3.22484E-01	1.94414E-01 
2.934640E-01	3.37181E-01	1.92517E-01 
2.940210E-01	2.11671E-01	1.93738E-01 
2.945780E-01	3.58544E-01	1.97200E-01 
2.951360E-01	2.10196E-01	1.97792E-01 
2.956930E-01	3.77438E-01	1.99329E-01 
2.962500E-01	5.44107E-01	2.01759E-01 
2.968070E-01	2.40187E-01	2.02638E-01 
2.973650E-01	8.69061E-02	2.03820E-01 
2.979220E-01	1.19470E-02	2.06108E-01 
2.984790E-01	3.89510E-01	2.05336E-01 
2.990360E-01	2.48500E-01	2.06409E-01 
2.995940E-01	1.23411E-01	2.09200E-01 
3.001510E-01	6.56468E-02	2.07521E-01 
3.007080E-01	1.83736E-03	2.10550E-01 
3.012650E-01	5.83811E-01	2.10860E-01 
3.018230E-01	3.18365E-01	2.12891E-01 
3.023800E-01	1.51441E-01	2.09989E-01 
3.029370E-01	4.46589E-01	2.05266E-01 
3.034940E-01	3.86857E-01	2.06457E-01 
3.040520E-01	3.77759E-01	2.05413E-01 
3.046090E-01	8.57442E-02	2.06049E-01 
3.051660E-01	2.52270E-01	2.06858E-01 
3.057230E-01	8.57640E-02	2.08020E-01 
3.062800E-01	1.51873E-01	2.05973E-01 
3.068380E-01	3.29756E-01	2.07588E-01 
3.073950E-01	2.49366E-01	2.07553E-01 
3.079520E-01	2.67960E-02	2.20604E-01 
3.085090E-01	6.50984E-01	2.07246E-01 
3.090670E-01	3.92142E-01	2.09615E-01 
3.096240E-01	3.74545E-02	2.09211E-01 
3.101810E-01	2.96670E-02	2.20623E-01 
3.107380E-01	2.16756E-01	2.08785E-01 
3.112960E-01	2.12986E-01	2.07528E-01 
3.118530E-01	1.19703E-01	2.11042E-01 
3.124100E-01	1.00003E-01	2.08256E-01 
3.129670E-01	1.55495E-01	2.09927E-01 
3.135250E-01	2.56885E-01	2.08801E-01 
3.140820E-01	3.23942E-01	2.11834E-01 
3.146390E-01	4.43928E-01	2.10354E-01 
3.151960E-01	2.03328E-01	2.10586E-01 
3.157530E-01	6.81743E-01	2.12958E-01 
3.163110E-01	5.73143E-01	2.11574E-01 
3.168680E-01	3.12174E-01	2.12014E-01 
3.174250E-01	3.60869E-01	2.13610E-01 
3.179820E-01	1.65655E-01	2.09132E-01 
3.185400E-01	2.64651E-01	2.13754E-01 
3.190970E-01	2.27465E-01	2.13324E-01 
3.196540E-01	1.51059E-01	2.12588E-01 
3.202110E-01	8.08205E-02	2.14889E-01 
3.207680E-01	8.01088E-02	2.15500E-01 
3.213260E-01	1.55470E-01	2.13616E-01 
3.218830E-01	2.80035E-01	2.14775E-01 
3.224400E-01	1.98711E-03	2.16040E-01 
3.229970E-01	2.43449E-01	2.16029E-01 
3.235550E-01	3.80555E-01	2.16720E-01 
3.241120E-01	3.44277E-01	2.15531E-01 
3.246690E-01	3.08035E-01	2.17114E-01 
3.252260E-01	1.04387E-01	2.19486E-01 
3.257830E-01	2.00299E-01	2.31091E-01 
3.263410E-01	1.62424E-01	2.18075E-01 
3.268980E-01	1.80423E-01	2.17747E-01 
3.274550E-01	2.74756E-01	2.19686E-01 
3.280120E-01	3.55254E-01	2.32284E-01 
3.285690E-01	6.77618E-02	2.19164E-01 
3.291270E-01	3.93255E-01	2.19583E-01 
3.296840E-01	1.26390E-01	2.20353E-01 
3.302410E-01	3.07787E-01	2.18975E-01 
3.307980E-01	4.42618E-01	2.19889E-01 
3.313550E-01	1.55947E-02	2.17723E-01 
3.319130E-01	3.41097E-01	2.21361E-01 
3.324700E-01	2.11506E-01	2.19230E-01 
3.330270E-01	1.55613E-01	2.18922E-01 
3.335840E-01	1.45545E-01	2.21812E-01 
3.341410E-01	1.69023E-03	2.21846E-01 
3.346990E-01	3.19980E-02	2.21843E-01 
3.352560E-01	1.18686E-01	2.35561E-01 
3.358130E-01	2.11121E-01	2.21902E-01 
3.363700E-01	2.36918E-01	2.24751E-01 
3.369270E-01	2.32054E-01	2.24159E-01 
3.374850E-01	2.02301E-01	2.25387E-01 
3.380420E-01	2.59919E-01	2.25408E-01 
3.385990E-01	2.83610E-01	2.27106E-01 
3.391560E-01	2.59556E-01	2.27359E-01 
3.397130E-01	3.27016E-01	2.27079E-01 
3.402710E-01	5.95080E-02	2.60508E-01 
3.408280E-01	1.12867E-01	2.28327E-01 
3.413850E-01	4.97374E-02	2.28234E-01 
3.419420E-01	3.52168E-01	2.27584E-01 
3.424990E-01	1.90321E-01	2.28694E-01 
3.430570E-01	1.15913E-01	2.29900E-01 
3.436140E-01	2.94519E-01	2.31722E-01 
3.441710E-01	4.15268E-01	2.30670E-01 
3.447280E-01	4.54383E-01	2.33010E-01 
3.452850E-01	4.14848E-01	2.31391E-01 
3.458420E-01	1.12869E-01	2.34819E-01 
3.464000E-01	5.19341E-01	2.34557E-01 
3.469570E-01	3.12096E-01	2.34759E-01 
3.475140E-01	6.62384E-02	2.34559E-01 
3.480710E-01	5.75639E-01	2.33418E-01 
3.486280E-01	8.06735E-03	2.34513E-01 
3.491860E-01	8.55781E-02	2.35258E-01 
3.497430E-01	9.37182E-02	2.35181E-01 
3.503000E-01	1.99446E-02	2.34199E-01 
3.508570E-01	1.70747E-01	2.36104E-01 
3.514140E-01	1.25906E-01	2.37260E-01 
3.519710E-01	1.76334E-01	2.40061E-01 
3.525290E-01	3.11599E-01	2.37888E-01 
3.530860E-01	1.66520E-01	2.38291E-01 
3.536430E-01	3.14014E-02	2.37430E-01 
3.542000E-01	5.03164E-01	2.36243E-01 
3.547570E-01	4.21934E-01	2.41653E-01 
3.553140E-01	1.97718E-01	2.39608E-01 
3.558720E-01	5.40954E-01	2.39941E-01 
3.564290E-01	4.42771E-01	2.44829E-01 
3.569860E-01	3.51072E-01	2.43467E-01 
3.575430E-01	1.69809E-01	2.41505E-01 
3.581000E-01	2.31458E-01	2.44079E-01 
3.586570E-01	1.52676E-01	2.44349E-01 
3.592150E-01	3.67510E-01	2.45336E-01 
3.597720E-01	2.38341E-01	2.59960E-01 
3.603290E-01	3.22926E-01	2.45211E-01 
3.608860E-01	1.12954E-01	2.61476E-01 
3.614430E-01	1.53222E-01	2.60774E-01 
3.620000E-01	5.68627E-02	2.48715E-01 
3.625580E-01	1.92947E-01	2.47745E-01 
3.631150E-01	1.92704E-01	2.48599E-01 
3.636720E-01	1.20608E-01	2.50467E-01 
3.642290E-01	9.71859E-02	2.66133E-01 
3.647860E-01	2.19443E-01	2.52519E-01 
3.653430E-01	2.67718E-01	2.51206E-01 
3.659000E-01	2.88519E-01	2.53095E-01 
3.664580E-01	5.41964E-01	2.55876E-01 
3.670150E-01	4.07451E-01	2.55213E-01 
3.675720E-01	2.13234E-01	2.53900E-01 
3.681290E-01	4.22192E-01	2.56347E-01 
3.686860E-01	7.31361E-02	2.57846E-01 
3.692430E-01	4.14290E-01	2.57231E-01 
3.698010E-01	2.68317E-01	2.62085E-01 
3.703580E-01	3.09745E-01	2.59658E-01 
3.709150E-01	4.89914E-01	2.62034E-01 
3.714720E-01	3.64845E-01	2.64864E-01 
3.720290E-01	4.58580E-01	2.63278E-01 
3.725860E-01	6.62564E-01	2.70694E-01 
3.731430E-01	2.82398E-01	2.64804E-01 
3.737000E-01	1.14440E-01	2.69552E-01 
3.742580E-01	2.00097E-01	2.70454E-01 
3.748150E-01	5.87059E-01	2.86958E-01 
3.753720E-01	2.48216E-01	2.72569E-01 
3.759290E-01	4.90814E-02	2.69183E-01 
3.764860E-01	4.99535E-01	2.70309E-01 
3.770430E-01	3.82568E-01	2.70569E-01 
3.776000E-01	5.59071E-01	2.74621E-01 
3.781580E-01	1.75749E-01	2.73607E-01 
3.787150E-01	1.35168E-01	2.73654E-01 
3.792720E-01	4.02893E-01	2.74744E-01 
3.798290E-01	5.87383E-02	2.72831E-01 
3.803860E-01	1.45350E-01	2.75507E-01 
3.809430E-01	8.80371E-01	2.77801E-01 
3.815000E-01	1.51211E-01	2.81627E-01 
3.820570E-01	3.29173E-01	2.79540E-01 
3.826150E-01	9.10123E-02	2.80572E-01 
3.831720E-01	3.55975E-02	2.85102E-01 
3.837290E-01	8.08897E-02	2.89808E-01 
3.842860E-01	2.33440E-02	3.07318E-01 
3.848430E-01	1.02008E-01	2.94886E-01 
3.854000E-01	8.50068E-03	2.93838E-01 
3.859570E-01	3.86242E-02	2.96925E-01 
3.865140E-01	5.89579E-02	3.00406E-01 
3.870720E-01	2.85841E-02	2.97468E-01 
3.876290E-01	5.95303E-01	3.05352E-01 
3.881860E-01	1.57453E-02	3.07593E-01 
3.887430E-01	7.88906E-01	3.10655E-01 
3.893000E-01	2.83489E-01	3.11192E-01 
3.898570E-01	3.54699E-01	3.09088E-01 
3.904140E-01	2.80006E-01	3.22167E-01 
3.909710E-01	7.57216E-02	3.15682E-01 
3.915280E-01	3.68495E-01	3.42336E-01 
3.920860E-01	3.66398E-01	3.28573E-01 
3.926430E-01	1.97918E-01	3.23919E-01 
3.932000E-01	1.61371E-01	3.34515E-01 
3.937570E-01	1.18562E-01	3.36660E-01 
3.943140E-01	7.03006E-02	3.37777E-01 
3.948710E-01	9.13665E-02	3.52040E-01 
3.954280E-01	2.16479E-01	3.55914E-01 
3.959850E-01	2.00675E-01	3.73012E-01 
3.965420E-01	2.86953E-01	3.63609E-01 
3.970990E-01	4.76649E-02	3.71460E-01 
3.976570E-01	4.88571E-01	3.74100E-01 
3.982140E-01	2.41498E-01	3.85307E-01 
3.987710E-01	3.38340E-01	4.02823E-01 
3.993280E-01	3.66818E-01	4.10135E-01 
3.998850E-01	1.90583E-01	4.14133E-01 
4.004420E-01	2.40466E-01	4.27578E-01 
4.009990E-01	9.35358E-02	4.81277E-01 
4.015560E-01	5.69281E-01	4.70949E-01 
4.021130E-01	6.98497E-01	5.00619E-01 
4.026700E-01	7.20921E-02	6.11673E-01 
